2
73
M:(1) 4417 7366 4417 7369 4419 7372 4423 7376 4425 7379
M:(6) 4426 7384 4427 7387 4429 7389 4433 7390 4440 7391
M:(11) 4452 7410 4456 7415 4462 7417 4467 7417 4470 7417
M:(16) 4475 7418 4477 7417 4477 7415 4475 7411 4476 7408
M:(21) 4478 7403 4488 7388 4489 7384 4488 7380 4488 7373
M:(26) 4490 7364 4488 7359 4484 7348 4479 7336 4477 7334
M:(31) 4474 7333 4471 7333 4465 7337 4464 7337 4464 7335
M:(36) 4464 7333 4469 7329 4470 7320 4472 7317 4472 7314
M:(41) 4469 7311 4460 7307 4452 7305 4449 7310 4449 7312
M:(46) 4452 7317 4452 7324 4450 7327 4448 7327 4447 7325
M:(51) 4445 7321 4441 7316 4438 7316 4436 7317 4435 7319
M:(56) 4437 7324 4433 7330 4432 7331 4429 7333 4422 7332
M:(61) 4422 7334 4422 7338 4421 7340 4417 7340 4414 7344
M:(66) 4411 7345 4410 7347 4412 7351 4412 7353 4413 7356
M:(71) 4416 7359 4420 7361 4417 7366
95
M:(1) 4502 7375 4501 7379 4500 7382 4491 7394 4491 7398
M:(6) 4490 7402 4486 7409 4486 7411 4486 7414 4488 7418
M:(11) 4492 7424 4492 7425 4492 7428 4489 7432 4489 7441
M:(16) 4491 7445 4498 7452 4502 7453 4504 7453 4511 7450
M:(21) 4512 7451 4514 7453 4519 7453 4522 7453 4525 7449
M:(26) 4529 7447 4532 7447 4546 7443 4548 7440 4551 7432
M:(31) 4555 7429 4562 7425 4561 7419 4562 7415 4565 7413
M:(36) 4568 7404 4572 7401 4573 7400 4574 7394 4577 7394
M:(41) 4578 7396 4580 7404 4582 7406 4584 7406 4585 7404
M:(46) 4585 7397 4591 7390 4593 7386 4594 7381 4593 7373
M:(51) 4591 7368 4584 7360 4580 7360 4578 7360 4579 7365
M:(56) 4579 7370 4577 7372 4575 7374 4572 7371 4568 7366
M:(61) 4567 7362 4568 7358 4567 7354 4565 7354 4562 7355
M:(66) 4559 7358 4555 7360 4553 7360 4551 7358 4550 7348
M:(71) 4553 7340 4552 7335 4548 7327 4546 7324 4544 7323
M:(76) 4538 7324 4536 7320 4535 7313 4534 7311 4532 7311
M:(81) 4530 7311 4529 7313 4529 7317 4527 7317 4519 7314
M:(86) 4517 7314 4516 7315 4513 7324 4512 7331 4508 7339
M:(91) 4508 7345 4505 7349 4503 7353 4502 7358 4502 7375
